 1 35 36 37 38 39
 2 40 41 42 43 44 45 46 47 48 49 50 51 52 53
 3 54 55 56
 4 57 58 59 60 61 62 63
 5 22 35 64 65 66 67 68 69
 6 15 70
 7 14 40 57 71 72 73 74 75 76 77 78 79 80 81 82 83 84 85 86
 8 58 87 88
 9 51 89 90 91
10 92 93 94
11 21 68 95 96 97 98
12 99 100 101 102 103 104 105
13 106 107 108 109 110 111 112 113 114
14 115 116 117 118
15 40 62 112 119 120 121 122 123 124 125 126 127 128 129 130 131 132 133 134 135
16 30 38 76 112 115 136 137 138 139 140 141 142 143 144 145 146 147 148 149 150
17 9 45 87 89 91 115 151 152 153 154 155 156 157 158 159 160 161 162 163
18 164 165 166 167 168 169 170 171 172
19 1 36 101 130 149 173 174 175 176
20 136 174 177 178 179 180 181 182 183
21 68 85 109 184 185 186 187 188 189 190 191 192 193 194 195 196 197
22 65 73 198 199 200 201 202 203 204
23 82 116 149 154 176 205 206
24 27
25 14 15 51 128 136 149 167 197 207 208 209 210 211 212 213 214 215 216 217 218
26 22 65 219 220 221 222 223 224 225 226 227
27 12 33 115 168 228 229 230 231 232 233 234 235 236 237 238 239 240 241 242 243
28 125 127 244 245 246
29 247
30 190
31 12 121
32 248
33 40 112 145 167 174 208 239 249 250 251 252 253 254 255 256 257 258
34 29 40 87 89 145 199 259 260 261 262 263 264 265 266 267 268 269 270 271